47 46 73
80 34 48
91 77 100
36 49 53
96 17 2
12 33 33
70 15 8
4 40 34
95 67 4
55 0 9
15 39 1
84 97 40
78 0 100
92 84 38
30 76 82
82 60 43
1 50 41
35 32 18
74 47 84
13 26 4
60 13 8
47 29 2
64 71 34
20 75 38
24 24 68
65 6 64
10 74 38
93 59 31
12 25 92
91 88 49
63 32 38
50 99 13
89 47 42
97 94 12
54 19 98
54 31 66
63 41 45
91 100 99
55 77 16
86 60 54
47 74 99
18 8 59
21 75 2
4 63 4
19 49 96
76 1 33
25 96 17
29 65 97
49 91 75
57 89 63
60 4 39
11 62 100
100 68 80
85 41 66
14 19 4
77 65 63
93 2 54
74 73 46